1403636900651666432
1403636900701666560
1403636900751666432
1403636900801666560
1403636900851666432
1403636900901666560
1403636900951666432
1403636901001666560
1403636901051666432
1403636901101666560
1403636901151666432
1403636901201666560
1403636901251666432
1403636901301666560
1403636901351666432
1403636901401666560
1403636901451666432
1403636901501666560
1403636901551666432
1403636901601666560
1403636901651666432
1403636901701666560
1403636901751666432
1403636901801666560
1403636901851666432
1403636901901666560
1403636901951666432
1403636902001666560
1403636902051666432
1403636902101666560
1403636902151666432
1403636902201666560
1403636902251666432
1403636902301666560
1403636902351666432
1403636902401666560
1403636902451666432
1403636902501666560
1403636902551666432
1403636902601666560
1403636902651666432
1403636902701666560
1403636902751666432
1403636902801666560
1403636902851666432
1403636902901666560
1403636902951666432
1403636903001666560
1403636903051666432
1403636903101666560
1403636903151666432
1403636903201666560
1403636903251666432
1403636903301666560
1403636903351666432
1403636903401666560
1403636903451666432
1403636903501666560
1403636903551666432
1403636903601666560
1403636903651666432
1403636903701666560
1403636903751666432
1403636903801666560
1403636903851666432
1403636903901666560
1403636903951666432
1403636904001666560
1403636904051666432
1403636904101666560
1403636904151666432
1403636904201666560
1403636904251666432
1403636904301666560
1403636904351666432
1403636904401666560
1403636904451666432
1403636904501666560
1403636904551666432
1403636904601666560
1403636904651666432
1403636904701666560
1403636904751666432
1403636904801666560
1403636904851666432
1403636904901666560
1403636904951666432
1403636905001666560
1403636905051666432
1403636905101666560
1403636905151666432
1403636905201666560
1403636905251666432
1403636905301666560
1403636905351666432
1403636905401666560
1403636905451666432
1403636905501666560
1403636905551666432
1403636905601666560
1403636905651666432
1403636905701666560
1403636905751666432
1403636905801666560
1403636905851666432
1403636905901666560
1403636905951666432
1403636906001666560
1403636906051666432
1403636906101666560
1403636906151666432
1403636906201666560
1403636906251666432
1403636906301666560
1403636906351666432
1403636906401666560
1403636906451666432
1403636906501666560
1403636906551666432
1403636906601666560
1403636906651666432
1403636906701666560
1403636906751666432
1403636906801666560
1403636906851666432
1403636906901666560
1403636906951666432
1403636907001666560
1403636907051666432
1403636907101666560
1403636907151666432
1403636907201666560
1403636907251666432
1403636907301666560
1403636907351666432
1403636907401666560
1403636907451666432
1403636907501666560
1403636907551666432
1403636907601666560
1403636907651666432
1403636907701666560
1403636907751666432
1403636907801666560
1403636907851666432
1403636907901666560
1403636907951666432
1403636908001666560
1403636908051666432
1403636908101666560
1403636908151666432
1403636908201666560
1403636908251666432
1403636908301666560
1403636908351666432
1403636908401666560
1403636908451666432
1403636908501666560
1403636908551666432
1403636908601666560
1403636908651666432
1403636908701666560
1403636908751666432
1403636908801666560
1403636908851666432
1403636908901666560
1403636908951666432
1403636909001666560
1403636909051666432
1403636909101666560
1403636909151666432
1403636909201666560
1403636909251666432
1403636909301666560
1403636909351666432
1403636909401666560
1403636909451666432
1403636909501666560
1403636909551666432
1403636909601666560
1403636909651666432
1403636909701666560
1403636909751666432
1403636909801666560
1403636909851666432
1403636909901666560
1403636909951666432
1403636910001666560
1403636910051666432
1403636910101666560
1403636910151666432
1403636910201666560
1403636910251666432
1403636910301666560
1403636910351666432
1403636910401666560
1403636910451666432
1403636910501666560
1403636910551666432
1403636910601666560
1403636910651666432
1403636910701666560
1403636910751666432
1403636910801666560
1403636910851666432
1403636910901666560
1403636910951666432
1403636911001666560
1403636911051666432
1403636911101666560
1403636911151666432
1403636911201666560
1403636911251666432
1403636911301666560
1403636911351666432
1403636911401666560
1403636911451666432
1403636911501666560
1403636911551666432
1403636911601666560
1403636911651666432
1403636911701666560
1403636911751666432
1403636911801666560
1403636911851666432
1403636911901666560
1403636911951666432
1403636912001666560
1403636912051666432
1403636912101666560
1403636912151666432
1403636912201666560
1403636912251666432
1403636912301666560
1403636912351666432
1403636912401666560
1403636912451666432
1403636912501666560
1403636912551666432
1403636912601666560
1403636912651666432
1403636912701666560
1403636912751666432
1403636912801666560
1403636912851666432
1403636912901666560
1403636912951666432
1403636913001666560
1403636913051666432
1403636913101666560
1403636913151666432
1403636913201666560
1403636913251666432
1403636913301666560
1403636913351666432
1403636913401666560
1403636913451666432
1403636913501666560
1403636913551666432
1403636913601666560
1403636913651666432
1403636913701666560
1403636913751666432
1403636913801666560
1403636913851666432
1403636913901666560
1403636913951666432
1403636914001666560
1403636914051666432
1403636914101666560
1403636914151666432
1403636914201666560
1403636914251666432
1403636914301666560
1403636914351666432
1403636914401666560
1403636914451666432
1403636914501666560
1403636914551666432
1403636914601666560
1403636914651666432
1403636914701666560
1403636914751666432
1403636914801666560
1403636914851666432
1403636914901666560
1403636914951666432
1403636915001666560
1403636915051666432
1403636915101666560
1403636915151666432
1403636915201666560
1403636915251666432
1403636915301666560
1403636915351666432
1403636915401666560
1403636915451666432
1403636915501666560
1403636915551666432
1403636915601666560
1403636915651666432
1403636915701666560
1403636915751666432
1403636915801666560
1403636915851666432
1403636915901666560
1403636915951666432
1403636916001666560
1403636916051666432
1403636916101666560
1403636916151666432
1403636916201666560
1403636916251666432
1403636916301666560
1403636916351666432
1403636916401666560
1403636916451666432
1403636916501666560
1403636916551666432
1403636916601666560
1403636916651666432
1403636916701666560
1403636916751666432
1403636916801666560
1403636916851666432
1403636916901666560
1403636916951666432
1403636917001666560
1403636917051666432
1403636917101666560
1403636917151666432
1403636917201666560
1403636917251666432
1403636917301666560
1403636917351666432
1403636917401666560
1403636917451666432
1403636917501666560
1403636917551666432
1403636917601666560
1403636917651666432
1403636917701666560
1403636917751666432
1403636917801666560
1403636917851666432
1403636917901666560
1403636917951666432
1403636918001666560
1403636918051666432
1403636918101666560
1403636918151666432
1403636918201666560
1403636918251666432
1403636918301666560
1403636918351666432
1403636918401666560
1403636918451666432
1403636918501666560
1403636918551666432
1403636918601666560
1403636918651666432
1403636918701666560
1403636918751666432
1403636918801666560
1403636918851666432
1403636918901666560
1403636918951666432
1403636919001666560
1403636919051666432
1403636919101666560
1403636919151666432
1403636919201666560
1403636919251666432
1403636919301666560
1403636919351666432
1403636919401666560
1403636919451666432
1403636919501666560
1403636919551666432
1403636919601666560
1403636919651666432
1403636919701666560
1403636919751666432
1403636919801666560
1403636919851666432
1403636919901666560
1403636919951666432
1403636920001666560
1403636920051666432
1403636920101666560
1403636920151666432
1403636920201666560
1403636920251666432
1403636920301666560
1403636920351666432
1403636920401666560
1403636920451666432
1403636920501666560
1403636920551666432
1403636920601666560
1403636920651666432
1403636920701666560
1403636920751666432
1403636920801666560
1403636920851666432
1403636920901666560
1403636920951666432
1403636921001666560
1403636921051666432
1403636921101666560
1403636921151666432
1403636921201666560
1403636921251666432
1403636921301666560
1403636921351666432
1403636921401666560
1403636921451666432
1403636921501666560
1403636921551666432
1403636921601666560
1403636921651666432
1403636921701666560
1403636921751666432
1403636921801666560
1403636921851666432
1403636921901666560
1403636921951666432
1403636922001666560
1403636922051666432
1403636922101666560
1403636922151666432
1403636922201666560
1403636922251666432
1403636922301666560
1403636922351666432
1403636922401666560
1403636922451666432
1403636922501666560
1403636922551666432
1403636922601666560
1403636922651666432
1403636922701666560
1403636922751666432
1403636922801666560
1403636922851666432
1403636922901666560
1403636922951666432
1403636923001666560
1403636923051666432
1403636923101666560
1403636923151666432
1403636923201666560
1403636923251666432
1403636923301666560
1403636923351666432
1403636923401666560
1403636923451666432
1403636923501666560
1403636923551666432
1403636923601666560
1403636923651666432
1403636923701666560
1403636923751666432
1403636923801666560
1403636923851666432
1403636923901666560
1403636923951666432
1403636924001666560
1403636924051666432
1403636924101666560
1403636924151666432
1403636924201666560
1403636924251666432
1403636924301666560
1403636924351666432
1403636924401666560
1403636924451666432
1403636924501666560
1403636924551666432
1403636924601666560
1403636924651666432
1403636924701666560
1403636924751666432
1403636924801666560
1403636924851666432
1403636924901666560
1403636924951666432
1403636925001666560
1403636925051666432
1403636925101666560
1403636925151666432
1403636925201666560
1403636925251666432
1403636925301666560
1403636925351666432
1403636925401666560
1403636925451666432
1403636925501666560
1403636925551666432
1403636925601666560
1403636925651666432
1403636925701666560
1403636925751666432
1403636925801666560
1403636925851666432
1403636925901666560
1403636925951666432
1403636926001666560
1403636926051666432
1403636926101666560
1403636926151666432
1403636926201666560
1403636926251666432
1403636926301666560
1403636926351666432
1403636926401666560
1403636926451666432
1403636926501666560
1403636926551666432
1403636926601666560
1403636926651666432
1403636926701666560
1403636926751666432
1403636926801666560
1403636926851666432
1403636926901666560
1403636926951666432
1403636927001666560
1403636927051666432
1403636927101666560
1403636927151666432
1403636927201666560
1403636927251666432
1403636927301666560
1403636927351666432
1403636927401666560
1403636927451666432
1403636927501666560
1403636927551666432
1403636927601666560
1403636927651666432
1403636927701666560
1403636927751666432
1403636927801666560
1403636927851666432
1403636927901666560
1403636927951666432
1403636928001666560
1403636928051666432
1403636928101666560
1403636928151666432
1403636928201666560
1403636928251666432
1403636928301666560
1403636928351666432
1403636928401666560
1403636928451666432
1403636928501666560
1403636928551666432
1403636928601666560
1403636928651666432
1403636928701666560
1403636928751666432
1403636928801666560
1403636928851666432
1403636928901666560
1403636928951666432
1403636929001666560
1403636929051666432
1403636929101666560
1403636929151666432
1403636929201666560
1403636929251666432
1403636929301666560
1403636929351666432
1403636929401666560
1403636929451666432
1403636929501666560
1403636929551666432
1403636929601666560
1403636929651666432
1403636929701666560
1403636929751666432
1403636929801666560
1403636929851666432
1403636929901666560
1403636929951666432
1403636930001666560
1403636930051666432
1403636930101666560
1403636930151666432
1403636930201666560
1403636930251666432
1403636930301666560
1403636930351666432
1403636930401666560
1403636930451666432
1403636930501666560
1403636930551666432
1403636930601666560
1403636930651666432
1403636930701666560
1403636930751666432
1403636930801666560
1403636930851666432
1403636930901666560
1403636930951666432
1403636931001666560
1403636931051666432
1403636931101666560
1403636931151666432
1403636931201666560
1403636931251666432
1403636931301666560
1403636931351666432
1403636931401666560
1403636931451666432
1403636931501666560
1403636931551666432
1403636931601666560
1403636931651666432
1403636931701666560
1403636931751666432
1403636931801666560
1403636931851666432
1403636931901666560
1403636931951666432
1403636932001666560
1403636932051666432
1403636932101666560
1403636932151666432
1403636932201666560
1403636932251666432
1403636932301666560
1403636932351666432
1403636932401666560
1403636932451666432
1403636932501666560
1403636932551666432
1403636932601666560
1403636932651666432
1403636932701666560
1403636932751666432
1403636932801666560
1403636932851666432
1403636932901666560
1403636932951666432
1403636933001666560
1403636933051666432
1403636933101666560
1403636933151666432
1403636933201666560
1403636933251666432
1403636933301666560
1403636933351666432
1403636933401666560
1403636933451666432
1403636933501666560
1403636933551666432
1403636933601666560
1403636933651666432
1403636933701666560
1403636933751666432
1403636933801666560
1403636933851666432
1403636933901666560
1403636933951666432
1403636934001666560
1403636934051666432
1403636934101666560
1403636934151666432
1403636934201666560
1403636934251666432
1403636934301666560
1403636934351666432
1403636934401666560
1403636934451666432
1403636934501666560
1403636934551666432
1403636934601666560
1403636934651666432
1403636934701666560
1403636934751666432
1403636934801666560
1403636934851666432
1403636934901666560
1403636934951666432
1403636935001666560
1403636935051666432
1403636935101666560
1403636935151666432
1403636935201666560
1403636935251666432
1403636935301666560
1403636935351666432
1403636935401666560
1403636935451666432
1403636935501666560
1403636935551666432
1403636935601666560
1403636935651666432
1403636935701666560
1403636935751666432
1403636935801666560
1403636935851666432
1403636935901666560
1403636935951666432
1403636936001666560
1403636936051666432
1403636936101666560
1403636936151666432
1403636936201666560
1403636936251666432
1403636936301666560
1403636936351666432
1403636936401666560
1403636936451666432
1403636936501666560
1403636936551666432
1403636936601666560
1403636936651666432
1403636936701666560
1403636936751666432
1403636936801666560
1403636936851666432
1403636936901666560
1403636936951666432
1403636937001666560
1403636937051666432
1403636937101666560
1403636937151666432
1403636937201666560
1403636937251666432
1403636937301666560
1403636937351666432
1403636937401666560
1403636937451666432
1403636937501666560
1403636937551666432
1403636937601666560
1403636937651666432
1403636937701666560
1403636937751666432
1403636937801666560
1403636937851666432
1403636937901666560
1403636937951666432
1403636938001666560
1403636938051666432
1403636938101666560
1403636938151666432
1403636938201666560
1403636938251666432
1403636938301666560
1403636938351666432
1403636938401666560
1403636938451666432
1403636938501666560
1403636938551666432
1403636938601666560
1403636938651666432
1403636938701666560
1403636938751666432
1403636938801666560
1403636938851666432
1403636938901666560
1403636938951666432
1403636939001666560
1403636939051666432
1403636939101666560
1403636939151666432
1403636939201666560
1403636939251666432
1403636939301666560
1403636939351666432
1403636939401666560
1403636939451666432
1403636939501666560
1403636939551666432
1403636939601666560
1403636939651666432
1403636939701666560
1403636939751666432
1403636939801666560
1403636939851666432
1403636939901666560
1403636939951666432
1403636940001666560
1403636940051666432
1403636940101666560
1403636940151666432
1403636940201666560
1403636940251666432
1403636940301666560
1403636940351666432
1403636940401666560
1403636940451666432
1403636940501666560
1403636940551666432
1403636940601666560
1403636940651666432
1403636940701666560
1403636940751666432
1403636940801666560
1403636940851666432
1403636940901666560
1403636940951666432
1403636941001666560
1403636941051666432
1403636941101666560
1403636941151666432
1403636941201666560
1403636941251666432
1403636941301666560
1403636941351666432
1403636941401666560
1403636941451666432
1403636941501666560
1403636941551666432
1403636941601666560
1403636941651666432
1403636941701666560
1403636941751666432
1403636941801666560
1403636941851666432
1403636941901666560
1403636941951666432
1403636942001666560
1403636942051666432
1403636942101666560
1403636942151666432
1403636942201666560
1403636942251666432
1403636942301666560
1403636942351666432
1403636942401666560
1403636942451666432
1403636942501666560
1403636942551666432
1403636942601666560
1403636942651666432
1403636942701666560
1403636942751666432
1403636942801666560
1403636942851666432
1403636942901666560
1403636942951666432
1403636943001666560
1403636943051666432
1403636943101666560
1403636943151666432
1403636943201666560
1403636943251666432
1403636943301666560
1403636943351666432
1403636943401666560
1403636943451666432
1403636943501666560
1403636943551666432
1403636943601666560
1403636943651666432
1403636943701666560
1403636943751666432
1403636943801666560
1403636943851666432
1403636943901666560
1403636943951666432
1403636944001666560
1403636944051666432
1403636944101666560
1403636944151666432
1403636944201666560
1403636944251666432
1403636944301666560
1403636944351666432
1403636944401666560
1403636944451666432
1403636944501666560
1403636944551666432
1403636944601666560
1403636944651666432
1403636944701666560
1403636944751666432
1403636944801666560
1403636944851666432
1403636944901666560
1403636944951666432
1403636945001666560
1403636945051666432
1403636945101666560
1403636945151666432
1403636945201666560
1403636945251666432
1403636945301666560
1403636945351666432
1403636945401666560
1403636945451666432
1403636945501666560
1403636945551666432
1403636945601666560
1403636945651666432
1403636945701666560
1403636945751666432
1403636945801666560
1403636945851666432
1403636945901666560
1403636945951666432
1403636946001666560
1403636946051666432
1403636946101666560
1403636946151666432
1403636946201666560
1403636946251666432
1403636946301666560
1403636946351666432
1403636946401666560
1403636946451666432
1403636946501666560
1403636946551666432
1403636946601666560
1403636946651666432
1403636946701666560
1403636946751666432
1403636946801666560
1403636946851666432
1403636946901666560
1403636946951666432
1403636947001666560
1403636947051666432
1403636947101666560
1403636947151666432
1403636947201666560
1403636947251666432
1403636947301666560
1403636947351666432
1403636947401666560
1403636947451666432
1403636947501666560
1403636947551666432
1403636947601666560
1403636947651666432
1403636947701666560
1403636947751666432
1403636947801666560
1403636947851666432
1403636947901666560
1403636947951666432
1403636948001666560
1403636948051666432
1403636948101666560
1403636948151666432
1403636948201666560
1403636948251666432
1403636948301666560
1403636948351666432
1403636948401666560
1403636948451666432
1403636948501666560
1403636948551666432
1403636948601666560
1403636948651666432
1403636948701666560
1403636948751666432
1403636948801666560
1403636948851666432
1403636948901666560
1403636948951666432
1403636949001666560
1403636949051666432
1403636949101666560
1403636949151666432
1403636949201666560
1403636949251666432
1403636949301666560
1403636949351666432
1403636949401666560
1403636949451666432
1403636949501666560
1403636949551666432
1403636949601666560
1403636949651666432
1403636949701666560
1403636949751666432
1403636949801666560
1403636949851666432
1403636949901666560
1403636949951666432
1403636950001666560
1403636950051666432
1403636950101666560
1403636950151666432
1403636950201666560
1403636950251666432
1403636950301666560
1403636950351666432
1403636950401666560
1403636950451666432
1403636950501666560
1403636950551666432
1403636950601666560
1403636950651666432
1403636950701666560
1403636950751666432
1403636950801666560
1403636950851666432
1403636950901666560
1403636950951666432
1403636951001666560
1403636951051666432
1403636951101666560
1403636951151666432
1403636951201666560
1403636951251666432
1403636951301666560
1403636951351666432
1403636951401666560
1403636951451666432
1403636951501666560
1403636951551666432
1403636951601666560
1403636951651666432
1403636951701666560
1403636951751666432
1403636951801666560
1403636951851666432
1403636951901666560
1403636951951666432
1403636952001666560
1403636952051666432
1403636952101666560
1403636952151666432
1403636952201666560
1403636952251666432
1403636952301666560
1403636952351666432
1403636952401666560
1403636952451666432
1403636952501666560
1403636952551666432
1403636952601666560
1403636952651666432
1403636952701666560
1403636952751666432
1403636952801666560
1403636952851666432
1403636952901666560
1403636952951666432
1403636953001666560
1403636953051666432
1403636953101666560
1403636953151666432
1403636953201666560
1403636953251666432
1403636953301666560
1403636953351666432
1403636953401666560
1403636953451666432
1403636953501666560
1403636953551666432
1403636953601666560
1403636953651666432
1403636953701666560
1403636953751666432
1403636953801666560
1403636953851666432
1403636953901666560
1403636953951666432
1403636954001666560
1403636954051666432
1403636954101666560
1403636954151666432
1403636954201666560
1403636954251666432
1403636954301666560
1403636954351666432
1403636954401666560
1403636954451666432
1403636954501666560
1403636954551666432
1403636954601666560
1403636954651666432
1403636954701666560
1403636954751666432
1403636954801666560
1403636954851666432
1403636954901666560
1403636954951666432
1403636955001666560
1403636955051666432
1403636955101666560
1403636955151666432
1403636955201666560
1403636955251666432
1403636955301666560
1403636955351666432
1403636955401666560
1403636955451666432
1403636955501666560
1403636955551666432
1403636955601666560
1403636955651666432
1403636955701666560
1403636955751666432
1403636955801666560
1403636955851666432
1403636955901666560
1403636955951666432
1403636956001666560
1403636956051666432
1403636956101666560
1403636956151666432
1403636956201666560
1403636956251666432
1403636956301666560
1403636956351666432
1403636956401666560
1403636956451666432
1403636956501666560
1403636956551666432
1403636956601666560
1403636956651666432
1403636956701666560
1403636956751666432
1403636956801666560
1403636956851666432
1403636956901666560
1403636956951666432
1403636957001666560
1403636957051666432
1403636957101666560
1403636957151666432
1403636957201666560
1403636957251666432
1403636957301666560
1403636957351666432
1403636957401666560
1403636957451666432
1403636957501666560
1403636957551666432
1403636957601666560
1403636957651666432
1403636957701666560
1403636957751666432
1403636957801666560
1403636957851666432
1403636957901666560
1403636957951666432
1403636958001666560
1403636958051666432
1403636958101666560
1403636958151666432
1403636958201666560
1403636958251666432
1403636958301666560
1403636958351666432
1403636958401666560
1403636958451666432
1403636958501666560
1403636958551666432
1403636958601666560
1403636958651666432
1403636958701666560
1403636958751666432
1403636958801666560
1403636958851666432
1403636958901666560
1403636958951666432
1403636959001666560
1403636959051666432
1403636959101666560
1403636959151666432
1403636959201666560
1403636959251666432
1403636959301666560
1403636959351666432
1403636959401666560
1403636959451666432
1403636959501666560
1403636959551666432
1403636959601666560
1403636959651666432
1403636959701666560
1403636959751666432
1403636959801666560
1403636959851666432
1403636959901666560
1403636959951666432
1403636960001666560
1403636960051666432
1403636960101666560
1403636960151666432
1403636960201666560
1403636960251666432
1403636960301666560
1403636960351666432
1403636960401666560
1403636960451666432
1403636960501666560
1403636960551666432
1403636960601666560
1403636960651666432
1403636960701666560
1403636960751666432
1403636960801666560
1403636960851666432
1403636960901666560
1403636960951666432
1403636961001666560
1403636961051666432
1403636961101666560
1403636961151666432
1403636961201666560
1403636961251666432
1403636961301666560
1403636961351666432
1403636961401666560
1403636961451666432
1403636961501666560
1403636961551666432
1403636961601666560
1403636961651666432
1403636961701666560
1403636961751666432
1403636961801666560
1403636961851666432
1403636961901666560
1403636961951666432
1403636962001666560
1403636962051666432
1403636962101666560
1403636962151666432
1403636962201666560
1403636962251666432
1403636962301666560
1403636962351666432
1403636962401666560
1403636962451666432
1403636962501666560
1403636962551666432
1403636962601666560
1403636962651666432
1403636962701666560
1403636962751666432
1403636962801666560
1403636962851666432
1403636962901666560
1403636962951666432
1403636963001666560
1403636963051666432
1403636963101666560
1403636963151666432
1403636963201666560
1403636963251666432
1403636963301666560
1403636963351666432
1403636963401666560
1403636963451666432
1403636963501666560
1403636963551666432
1403636963601666560
1403636963651666432
1403636963701666560
1403636963751666432
1403636963801666560
1403636963851666432
1403636963901666560
1403636963951666432
1403636964001666560
1403636964051666432
1403636964101666560
1403636964151666432
1403636964201666560
1403636964251666432
1403636964301666560
1403636964351666432
1403636964401666560
1403636964451666432
1403636964501666560
1403636964551666432
1403636964601666560
1403636964651666432
1403636964701666560
1403636964751666432
1403636964801666560
1403636964851666432
1403636964901666560
1403636964951666432
1403636965001666560
1403636965051666432
1403636965101666560
1403636965151666432
1403636965201666560
1403636965251666432
1403636965301666560
1403636965351666432
1403636965401666560
1403636965451666432
1403636965501666560
1403636965551666432
1403636965601666560
1403636965651666432
1403636965701666560
1403636965751666432
1403636965801666560
1403636965851666432
1403636965901666560
1403636965951666432
1403636966001666560
1403636966051666432
1403636966101666560
1403636966151666432
1403636966201666560
1403636966251666432
1403636966301666560
1403636966351666432
1403636966401666560
1403636966451666432
1403636966501666560
1403636966551666432
1403636966601666560
1403636966651666432
1403636966701666560
1403636966751666432
1403636966801666560
1403636966851666432
1403636966901666560
1403636966951666432
1403636967001666560
1403636967051666432
1403636967101666560
1403636967151666432
1403636967201666560
1403636967251666432
1403636967301666560
1403636967351666432
1403636967401666560
1403636967451666432
1403636967501666560
1403636967551666432
1403636967601666560
1403636967651666432
1403636967701666560
1403636967751666432
1403636967801666560
1403636967851666432
1403636967901666560
1403636967951666432
1403636968001666560
1403636968051666432
1403636968101666560
1403636968151666432
1403636968201666560
1403636968251666432
1403636968301666560
1403636968351666432
1403636968401666560
1403636968451666432
1403636968501666560
1403636968551666432
1403636968601666560
1403636968651666432
1403636968701666560
1403636968751666432
1403636968801666560
1403636968851666432
1403636968901666560
1403636968951666432
1403636969001666560
1403636969051666432
1403636969101666560
1403636969151666432
1403636969201666560
1403636969251666432
1403636969301666560
1403636969351666432
1403636969401666560
1403636969451666432
1403636969501666560
1403636969551666432
1403636969601666560
1403636969651666432
1403636969701666560
1403636969751666432
1403636969801666560
1403636969851666432
1403636969901666560
1403636969951666432
1403636970001666560
1403636970051666432
1403636970101666560
1403636970151666432
1403636970201666560
1403636970251666432
1403636970301666560
1403636970351666432
1403636970401666560
1403636970451666432
1403636970501666560
1403636970551666432
1403636970601666560
1403636970651666432
1403636970701666560
1403636970751666432
1403636970801666560
1403636970851666432
1403636970901666560
1403636970951666432
1403636971001666560
1403636971051666432
1403636971101666560
1403636971151666432
1403636971201666560
1403636971251666432
1403636971301666560
1403636971351666432
1403636971401666560
1403636971451666432
1403636971501666560
1403636971551666432
1403636971601666560
1403636971651666432
1403636971701666560
1403636971751666432
1403636971801666560
1403636971851666432
1403636971901666560
1403636971951666432
1403636972001666560
1403636972051666432
1403636972101666560
1403636972151666432
1403636972201666560
1403636972251666432
1403636972301666560
1403636972351666432
1403636972401666560
1403636972451666432
1403636972501666560
1403636972551666432
1403636972601666560
1403636972651666432
1403636972701666560
1403636972751666432
1403636972801666560
1403636972851666432
1403636972901666560
1403636972951666432
1403636973001666560
1403636973051666432
1403636973101666560
1403636973151666432
1403636973201666560
1403636973251666432
1403636973301666560
1403636973351666432
1403636973401666560
1403636973451666432
1403636973501666560
1403636973551666432
1403636973601666560
1403636973651666432
1403636973701666560
1403636973751666432
1403636973801666560
1403636973851666432
1403636973901666560
1403636973951666432
1403636974001666560
1403636974051666432
1403636974101666560
1403636974151666432
1403636974201666560
1403636974251666432
1403636974301666560
1403636974351666432
1403636974401666560
1403636974451666432
1403636974501666560
1403636974551666432
1403636974601666560
1403636974651666432
1403636974701666560
1403636974751666432
1403636974801666560
1403636974851666432
1403636974901666560
1403636974951666432
1403636975001666560
1403636975051666432
1403636975101666560
1403636975151666432
1403636975201666560
1403636975251666432
1403636975301666560
1403636975351666432
1403636975401666560
1403636975451666432
1403636975501666560
1403636975551666432
1403636975601666560
1403636975651666432
1403636975701666560
1403636975751666432
1403636975801666560
1403636975851666432
1403636975901666560
1403636975951666432
1403636976001666560
1403636976051666432
1403636976101666560
1403636976151666432
1403636976201666560
1403636976251666432
1403636976301666560
1403636976351666432
1403636976401666560
1403636976451666432
1403636976501666560
1403636976551666432
1403636976601666560
1403636976651666432
1403636976701666560
1403636976751666432
1403636976801666560
1403636976851666432
1403636976901666560
1403636976951666432
1403636977001666560
1403636977051666432
1403636977101666560
1403636977151666432
1403636977201666560
1403636977251666432
1403636977301666560
1403636977351666432
1403636977401666560
1403636977451666432
1403636977501666560
1403636977551666432
1403636977601666560
1403636977651666432
1403636977701666560
1403636977751666432
1403636977801666560
1403636977851666432
1403636977901666560
1403636977951666432
1403636978001666560
1403636978051666432
1403636978101666560
1403636978151666432
1403636978201666560
1403636978251666432
1403636978301666560
1403636978351666432
1403636978401666560
1403636978451666432
1403636978501666560
1403636978551666432
1403636978601666560
1403636978651666432
1403636978701666560
1403636978751666432
1403636978801666560
1403636978851666432
1403636978901666560
1403636978951666432
1403636979001666560
1403636979051666432
1403636979101666560
1403636979151666432
1403636979201666560
1403636979251666432
1403636979301666560
1403636979351666432
1403636979401666560
1403636979451666432
1403636979501666560
1403636979551666432
1403636979601666560
1403636979651666432
1403636979701666560
1403636979751666432
1403636979801666560
1403636979851666432
1403636979901666560
1403636979951666432
1403636980001666560
1403636980051666432
1403636980101666560
1403636980151666432
1403636980201666560
1403636980251666432
1403636980301666560
1403636980351666432
1403636980401666560
1403636980451666432
1403636980501666560
1403636980551666432
1403636980601666560
1403636980651666432
1403636980701666560
1403636980751666432
1403636980801666560
1403636980851666432
1403636980901666560
1403636980951666432
1403636981001666560
1403636981051666432
1403636981101666560
1403636981151666432
1403636981201666560
1403636981251666432
1403636981301666560
1403636981351666432
1403636981401666560
1403636981451666432
1403636981501666560
1403636981551666432
1403636981601666560
1403636981651666432
1403636981701666560
1403636981751666432
1403636981801666560
1403636981851666432
1403636981901666560
1403636981951666432
1403636982001666560
1403636982051666432
1403636982101666560
1403636982151666432
1403636982201666560
1403636982251666432
1403636982301666560
1403636982351666432
1403636982401666560
1403636982451666432
1403636982501666560
1403636982551666432
1403636982601666560
1403636982651666432
1403636982701666560
1403636982751666432
1403636982801666560
1403636982851666432
1403636982901666560
1403636982951666432
1403636983001666560
1403636983051666432
1403636983101666560
1403636983151666432
1403636983201666560
1403636983251666432
1403636983301666560
1403636983351666432
1403636983401666560
1403636983451666432
1403636983501666560
1403636983551666432
1403636983601666560
1403636983651666432
1403636983701666560
1403636983751666432
1403636983801666560
1403636983851666432
1403636983901666560
1403636983951666432
1403636984001666560
1403636984051666432
1403636984101666560
1403636984151666432
1403636984201666560
1403636984251666432
1403636984301666560
1403636984351666432
1403636984401666560
1403636984451666432
1403636984501666560
1403636984551666432
1403636984601666560
1403636984651666432
1403636984701666560
1403636984751666432
1403636984801666560
1403636984851666432
1403636984901666560
1403636984951666432
1403636985001666560
1403636985051666432
1403636985101666560
1403636985151666432
1403636985201666560
1403636985251666432
1403636985301666560
1403636985351666432
1403636985401666560
1403636985451666432
1403636985501666560
1403636985551666432
1403636985601666560
1403636985651666432
1403636985701666560
1403636985751666432
1403636985801666560
1403636985851666432
1403636985901666560
1403636985951666432
1403636986001666560
1403636986051666432
1403636986101666560
1403636986151666432
1403636986201666560
1403636986251666432
1403636986301666560
1403636986351666432
1403636986401666560
1403636986451666432
1403636986501666560
1403636986551666432
1403636986601666560
1403636986651666432
1403636986701666560
1403636986751666432
1403636986801666560
1403636986851666432
1403636986901666560
1403636986951666432
1403636987001666560
1403636987051666432
1403636987101666560
1403636987151666432
1403636987201666560
1403636987251666432
1403636987301666560
1403636987351666432
1403636987401666560
1403636987451666432
1403636987501666560
1403636987551666432
1403636987601666560
1403636987651666432
1403636987701666560
1403636987751666432
1403636987801666560
1403636987851666432
1403636987901666560
1403636987951666432
1403636988001666560
1403636988051666432
1403636988101666560
1403636988151666432
1403636988201666560
1403636988251666432
1403636988301666560
1403636988351666432
1403636988401666560
1403636988451666432
1403636988501666560
1403636988551666432
1403636988601666560
1403636988651666432
1403636988701666560
1403636988751666432
1403636988801666560
1403636988851666432
1403636988901666560
1403636988951666432
1403636989001666560
1403636989051666432
1403636989101666560
1403636989151666432
1403636989201666560
1403636989251666432
1403636989301666560
1403636989351666432
1403636989401666560
1403636989451666432
1403636989501666560
1403636989551666432
1403636989601666560
1403636989651666432
1403636989701666560
1403636989751666432
1403636989801666560
1403636989851666432
1403636989901666560
1403636989951666432
1403636990001666560
1403636990051666432
1403636990101666560
1403636990151666432
1403636990201666560
1403636990251666432
1403636990301666560
1403636990351666432
1403636990401666560
1403636990451666432
1403636990501666560
1403636990551666432
1403636990601666560
1403636990651666432
1403636990701666560
1403636990751666432
1403636990801666560
1403636990851666432
1403636990901666560
1403636990951666432
1403636991001666560
1403636991051666432
1403636991101666560
1403636991151666432
1403636991201666560
1403636991251666432
1403636991301666560
1403636991351666432
1403636991401666560
1403636991451666432
1403636991501666560
1403636991551666432
1403636991601666560
1403636991651666432
1403636991701666560
1403636991751666432
1403636991801666560
1403636991851666432
1403636991901666560
1403636991951666432
1403636992001666560
1403636992051666432
1403636992101666560
1403636992151666432
1403636992201666560
1403636992251666432
1403636992301666560
1403636992351666432
1403636992401666560
1403636992451666432
1403636992501666560
1403636992551666432
1403636992601666560
1403636992651666432
1403636992701666560
1403636992751666432
1403636992801666560
1403636992851666432
1403636992901666560
1403636992951666432
1403636993001666560
1403636993051666432
1403636993101666560
1403636993151666432
1403636993201666560
1403636993251666432
1403636993301666560
1403636993351666432
1403636993401666560
1403636993451666432
1403636993501666560
1403636993551666432
1403636993601666560
1403636993651666432
1403636993701666560
1403636993751666432
1403636993801666560
1403636993851666432
1403636993901666560
1403636993951666432
1403636994001666560
1403636994051666432
1403636994101666560
1403636994151666432
1403636994201666560
1403636994251666432
1403636994301666560
1403636994351666432
1403636994401666560
1403636994451666432
1403636994501666560
1403636994551666432
1403636994601666560
1403636994651666432
1403636994701666560
1403636994751666432
1403636994801666560
1403636994851666432
1403636994901666560
1403636994951666432
1403636995001666560
1403636995051666432
1403636995101666560
1403636995151666432
1403636995201666560
1403636995251666432
1403636995301666560
1403636995351666432
1403636995401666560
1403636995451666432
1403636995501666560
1403636995551666432
1403636995601666560
1403636995651666432
1403636995701666560
1403636995751666432
1403636995801666560
1403636995851666432
1403636995901666560
1403636995951666432
1403636996001666560
1403636996051666432
1403636996101666560
1403636996151666432
1403636996201666560
1403636996251666432
1403636996301666560
1403636996351666432
1403636996401666560
1403636996451666432
1403636996501666560
1403636996551666432
1403636996601666560
1403636996651666432
1403636996701666560
1403636996751666432
1403636996801666560
1403636996851666432
1403636996901666560
1403636996951666432
1403636997001666560
1403636997051666432
1403636997101666560
1403636997151666432
1403636997201666560
1403636997251666432
1403636997301666560
1403636997351666432
1403636997401666560
1403636997451666432
1403636997501666560
1403636997551666432
1403636997601666560
1403636997651666432
1403636997701666560
1403636997751666432
1403636997801666560
1403636997851666432
1403636997901666560
1403636997951666432
1403636998001666560
1403636998051666432
1403636998101666560
1403636998151666432
1403636998201666560
1403636998251666432
1403636998301666560
1403636998351666432
1403636998401666560
1403636998451666432
1403636998501666560
1403636998551666432
1403636998601666560
1403636998651666432
1403636998701666560
1403636998751666432
1403636998801666560
1403636998851666432
1403636998901666560
1403636998951666432
1403636999001666560
1403636999051666432
1403636999101666560
1403636999151666432
1403636999201666560
1403636999251666432
1403636999301666560
1403636999351666432
1403636999401666560
1403636999451666432
1403636999501666560
1403636999551666432
1403636999601666560
1403636999651666432
1403636999701666560
1403636999751666432
1403636999801666560
1403636999851666432
1403636999901666560
1403636999951666432
1403637000001666560
1403637000051666432
1403637000101666560
1403637000151666432
1403637000201666560
1403637000251666432
1403637000301666560
1403637000351666432
1403637000401666560
1403637000451666432
1403637000501666560
1403637000551666432
1403637000601666560
1403637000651666432
1403637000701666560
1403637000751666432
1403637000801666560
1403637000851666432
1403637000901666560
1403637000951666432
1403637001001666560
1403637001051666432
1403637001101666560
1403637001151666432
1403637001201666560
1403637001251666432
1403637001301666560
1403637001351666432
1403637001401666560
1403637001451666432
1403637001501666560
1403637001551666432
1403637001601666560
1403637001651666432
1403637001701666560
1403637001751666432
1403637001801666560
1403637001851666432
1403637001901666560
1403637001951666432
1403637002001666560
1403637002051666432
1403637002101666560
1403637002151666432
1403637002201666560
1403637002251666432
1403637002301666560
1403637002351666432
1403637002401666560
1403637002451666432
1403637002501666560
1403637002551666432
1403637002601666560
1403637002651666432
1403637002701666560
1403637002751666432
1403637002801666560
1403637002851666432
1403637002901666560
1403637002951666432
1403637003001666560
1403637003051666432
1403637003101666560
1403637003151666432
1403637003201666560
1403637003251666432
1403637003301666560
1403637003351666432
1403637003401666560
1403637003451666432
1403637003501666560
1403637003551666432
1403637003601666560
1403637003651666432
1403637003701666560
1403637003751666432
1403637003801666560
1403637003851666432
1403637003901666560
1403637003951666432
1403637004001666560
1403637004051666432
1403637004101666560
1403637004151666432
1403637004201666560
1403637004251666432
1403637004301666560
1403637004351666432
1403637004401666560
1403637004451666432
1403637004501666560
1403637004551666432
1403637004601666560
1403637004651666432
1403637004701666560
1403637004751666432
1403637004801666560
1403637004851666432
1403637004901666560
1403637004951666432
1403637005001666560
